Iteracion 0
--------------
Abiertos = (2, 2) 
Cerrados = 
--------------------------
Iteracion 1
--------------
Abiertos = (2, 3) (3, 2) (1, 2) (2, 1) 
Cerrados = (2, 2) 
--------------------------
Iteracion 2
--------------
Abiertos = (3, 2) (2, 4) (1, 2) (2, 1) (1, 3) 
Cerrados = (2, 2) (2, 3) 
--------------------------
Iteracion 3
--------------
Abiertos = (2, 4) (4, 2) (3, 1) (1, 3) (2, 1) (1, 2) 
Cerrados = (2, 2) (2, 3) (3, 2) 
--------------------------
Iteracion 4
--------------
Abiertos = (4, 2) (2, 5) (1, 3) (2, 1) (1, 4) (3, 1) (1, 2) 
Cerrados = (2, 2) (2, 3) (3, 2) (2, 4) 
--------------------------
Iteracion 5
--------------
Abiertos = (2, 5) (5, 2) (1, 2) (1, 3) (1, 4) (4, 1) (3, 1) (2, 1) 
Cerrados = (2, 2) (2, 3) (3, 2) (2, 4) (4, 2) 
--------------------------
Iteracion 6
--------------
Abiertos = (5, 2) (3, 5) (2, 6) (3, 1) (1, 5) (4, 1) (2, 1) (1, 2) (1, 4) (1, 3) 
Cerrados = (2, 2) (2, 3) (3, 2) (2, 4) (4, 2) (2, 5) 
--------------------------
Iteracion 7
--------------
Abiertos = (3, 5) (2, 6) (6, 2) (5, 3) (2, 1) (3, 1) (1, 5) (4, 1) (1, 3) (1, 2) (5, 1) (1, 4) 
Cerrados = (2, 2) (2, 3) (3, 2) (2, 4) (4, 2) (2, 5) (5, 2) 
--------------------------
Iteracion 8
--------------
Abiertos = (2, 6) (3, 6) (4, 5) (5, 3) (6, 2) (1, 2) (1, 4) (3, 1) (2, 1) (1, 5) (5, 1) (4, 1) (1, 3) 
Cerrados = (2, 2) (2, 3) (3, 2) (2, 4) (4, 2) (2, 5) (5, 2) (3, 5) 
--------------------------
Iteracion 9
--------------
Abiertos = (3, 6) (5, 3) (2, 7) (4, 5) (6, 2) (1, 5) (1, 6) (1, 3) (5, 1) (1, 4) (1, 2) (4, 1) (2, 1) (3, 1) 
Cerrados = (2, 2) (2, 3) (3, 2) (2, 4) (4, 2) (2, 5) (5, 2) (3, 5) (2, 6) 
--------------------------
Iteracion 10
--------------
Abiertos = (5, 3) (3, 7) (4, 6) (4, 5) (6, 2) (2, 7) (1, 4) (3, 1) (1, 5) (1, 2) (1, 3) (4, 1) (1, 6) (5, 1) (2, 1) 
Cerrados = (2, 2) (2, 3) (3, 2) (2, 4) (4, 2) (2, 5) (5, 2) (3, 5) (2, 6) (3, 6) 
--------------------------
Iteracion 11
--------------
Abiertos = (3, 7) (5, 4) (6, 2) (4, 5) (2, 7) (4, 6) (6, 3) (2, 1) (4, 1) (1, 2) (1, 5) (1, 3) (3, 1) (1, 6) (1, 4) (5, 1) 
Cerrados = (2, 2) (2, 3) (3, 2) (2, 4) (4, 2) (2, 5) (5, 2) (3, 5) (2, 6) (3, 6) (5, 3) 
--------------------------
Iteracion 12
--------------
Abiertos = (5, 4) (6, 3) (3, 8) (2, 7) (4, 5) (4, 6) (6, 2) (1, 3) (1, 5) (1, 2) (1, 6) (4, 1) (2, 1) (5, 1) (3, 1) (1, 4) 
Cerrados = (2, 2) (2, 3) (3, 2) (2, 4) (4, 2) (2, 5) (5, 2) (3, 5) (2, 6) (3, 6) (5, 3) (3, 7) 
--------------------------
Iteracion 13
--------------
Abiertos = (6, 3) (5, 5) (3, 8) (4, 6) (6, 2) (2, 7) (4, 5) (6, 4) (1, 4) (4, 4) (5, 1) (1, 6) (3, 1) (1, 5) (1, 2) (2, 1) (1, 3) (4, 1) 
Cerrados = (2, 2) (2, 3) (3, 2) (2, 4) (4, 2) (2, 5) (5, 2) (3, 5) (2, 6) (3, 6) (5, 3) (3, 7) (5, 4) 
--------------------------
Iteracion 14
--------------
Abiertos = (5, 5) (6, 2) (4, 5) (3, 8) (6, 4) (4, 6) (2, 7) (7, 3) (4, 4) (1, 4) (1, 6) (1, 3) (1, 2) (1, 5) (4, 1) (5, 1) (3, 1) (2, 1) 
Cerrados = (2, 2) (2, 3) (3, 2) (2, 4) (4, 2) (2, 5) (5, 2) (3, 5) (2, 6) (3, 6) (5, 3) (3, 7) (5, 4) (6, 3) 
--------------------------
Iteracion 15
--------------
Abiertos = (6, 2) (6, 4) (2, 7) (4, 5) (7, 3) (3, 8) (4, 6) (5, 6) (6, 5) (2, 1) (1, 3) (1, 6) (4, 4) (1, 2) (1, 4) (4, 1) (1, 5) (5, 1) (3, 1) 
Cerrados = (2, 2) (2, 3) (3, 2) (2, 4) (4, 2) (2, 5) (5, 2) (3, 5) (2, 6) (3, 6) (5, 3) (3, 7) (5, 4) (6, 3) (5, 5) 
--------------------------
Iteracion 16
--------------
Abiertos = (6, 4) (5, 6) (7, 3) (3, 8) (4, 5) (2, 7) (7, 2) (4, 6) (6, 5) (1, 2) (6, 1) (3, 1) (2, 1) (1, 5) (1, 4) (1, 3) (1, 6) (5, 1) (4, 4) (4, 1) 
Cerrados = (2, 2) (2, 3) (3, 2) (2, 4) (4, 2) (2, 5) (5, 2) (3, 5) (2, 6) (3, 6) (5, 3) (3, 7) (5, 4) (6, 3) (5, 5) (6, 2) 
--------------------------
Iteracion 17
--------------
Abiertos = (5, 6) (4, 6) (4, 5) (2, 7) (3, 8) (7, 3) (7, 4) (7, 2) (6, 5) (1, 5) (4, 1) (4, 4) (1, 2) (1, 6) (1, 4) (6, 1) (3, 1) (5, 1) (2, 1) (1, 3) 
Cerrados = (2, 2) (2, 3) (3, 2) (2, 4) (4, 2) (2, 5) (5, 2) (3, 5) (2, 6) (3, 6) (5, 3) (3, 7) (5, 4) (6, 3) (5, 5) (6, 2) (6, 4) 
--------------------------
Iteracion 18
--------------
Abiertos = (4, 6) (7, 2) (6, 6) (7, 3) (2, 7) (4, 5) (7, 4) (6, 5) (3, 8) (1, 4) (1, 5) (1, 2) (4, 4) (6, 1) (5, 1) (1, 3) (3, 1) (2, 1) (4, 1) (1, 6) 
Cerrados = (2, 2) (2, 3) (3, 2) (2, 4) (4, 2) (2, 5) (5, 2) (3, 5) (2, 6) (3, 6) (5, 3) (3, 7) (5, 4) (6, 3) (5, 5) (6, 2) (6, 4) (5, 6) 
--------------------------
Iteracion 19
--------------
Abiertos = (7, 2) (7, 3) (6, 5) (7, 4) (6, 6) (4, 5) (2, 7) (3, 8) (1, 3) (1, 6) (4, 4) (4, 1) (1, 5) (5, 1) (6, 1) (2, 1) (3, 1) (1, 2) (1, 4) 
Cerrados = (2, 2) (2, 3) (3, 2) (2, 4) (4, 2) (2, 5) (5, 2) (3, 5) (2, 6) (3, 6) (5, 3) (3, 7) (5, 4) (6, 3) (5, 5) (6, 2) (6, 4) (5, 6) (4, 6) 
--------------------------
Iteracion 20
--------------
Abiertos = (7, 3) (6, 6) (2, 7) (6, 5) (3, 8) (7, 4) (4, 5) (6, 1) (8, 2) (4, 1) (1, 4) (5, 1) (1, 2) (1, 6) (2, 1) (1, 5) (1, 3) (3, 1) (4, 4) (7, 1) 
Cerrados = (2, 2) (2, 3) (3, 2) (2, 4) (4, 2) (2, 5) (5, 2) (3, 5) (2, 6) (3, 6) (5, 3) (3, 7) (5, 4) (6, 3) (5, 5) (6, 2) (6, 4) (5, 6) (4, 6) (7, 2) 
--------------------------
Iteracion 21
--------------
Abiertos = (6, 6) (4, 5) (3, 8) (6, 5) (7, 4) (2, 7) (6, 1) (1, 6) (1, 3) (4, 1) (8, 3) (4, 4) (8, 2) (7, 1) (3, 1) (1, 4) (1, 5) (5, 1) (1, 2) (2, 1) 
Cerrados = (2, 2) (2, 3) (3, 2) (2, 4) (4, 2) (2, 5) (5, 2) (3, 5) (2, 6) (3, 6) (5, 3) (3, 7) (5, 4) (6, 3) (5, 5) (6, 2) (6, 4) (5, 6) (4, 6) (7, 2) (7, 3) 
--------------------------
Iteracion 22
--------------
Abiertos = (4, 5) (3, 8) (6, 5) (7, 4) (7, 6) (2, 7) (1, 4) (6, 1) (5, 1) (7, 1) (8, 3) (1, 5) (1, 3) (4, 1) (1, 2) (1, 6) (3, 1) (4, 4) (8, 2) (2, 1) 
Cerrados = (2, 2) (2, 3) (3, 2) (2, 4) (4, 2) (2, 5) (5, 2) (3, 5) (2, 6) (3, 6) (5, 3) (3, 7) (5, 4) (6, 3) (5, 5) (6, 2) (6, 4) (5, 6) (4, 6) (7, 2) (7, 3) (6, 6) 
--------------------------
Iteracion 23
--------------
Abiertos = (3, 8) (7, 4) (6, 5) (2, 7) (7, 6) (6, 1) (1, 6) (1, 2) (2, 1) (4, 1) (1, 3) (3, 1) (8, 3) (4, 4) (1, 4) (5, 1) (8, 2) (1, 5) (7, 1) 
Cerrados = (2, 2) (2, 3) (3, 2) (2, 4) (4, 2) (2, 5) (5, 2) (3, 5) (2, 6) (3, 6) (5, 3) (3, 7) (5, 4) (6, 3) (5, 5) (6, 2) (6, 4) (5, 6) (4, 6) (7, 2) (7, 3) (6, 6) (4, 5) 
--------------------------
Iteracion 24
--------------
Abiertos = (7, 4) (2, 7) (6, 5) (7, 6) (4, 8) (1, 6) (6, 1) (2, 8) (1, 4) (1, 2) (5, 1) (3, 1) (1, 5) (8, 3) (2, 1) (4, 1) (3, 9) (4, 4) (8, 2) (1, 3) (7, 1) 
Cerrados = (2, 2) (2, 3) (3, 2) (2, 4) (4, 2) (2, 5) (5, 2) (3, 5) (2, 6) (3, 6) (5, 3) (3, 7) (5, 4) (6, 3) (5, 5) (6, 2) (6, 4) (5, 6) (4, 6) (7, 2) (7, 3) (6, 6) (4, 5) (3, 8) 
--------------------------
Iteracion 25
--------------
Abiertos = (2, 7) (6, 5) (7, 6) (4, 8) (7, 5) (4, 1) (1, 6) (8, 4) (1, 4) (6, 1) (1, 3) (8, 2) (1, 5) (8, 3) (3, 1) (2, 1) (7, 1) (2, 8) (5, 1) (1, 2) (3, 9) (4, 4) 
Cerrados = (2, 2) (2, 3) (3, 2) (2, 4) (4, 2) (2, 5) (5, 2) (3, 5) (2, 6) (3, 6) (5, 3) (3, 7) (5, 4) (6, 3) (5, 5) (6, 2) (6, 4) (5, 6) (4, 6) (7, 2) (7, 3) (6, 6) (4, 5) (3, 8) (7, 4) 
--------------------------
Iteracion 26
--------------
Abiertos = (6, 5) (7, 6) (4, 8) (2, 8) (7, 5) (2, 1) (1, 3) (1, 7) (1, 4) (1, 6) (1, 2) (5, 1) (1, 5) (8, 3) (4, 1) (3, 1) (8, 2) (8, 4) (4, 4) (6, 1) (7, 1) (3, 9) 
Cerrados = (2, 2) (2, 3) (3, 2) (2, 4) (4, 2) (2, 5) (5, 2) (3, 5) (2, 6) (3, 6) (5, 3) (3, 7) (5, 4) (6, 3) (5, 5) (6, 2) (6, 4) (5, 6) (4, 6) (7, 2) (7, 3) (6, 6) (4, 5) (3, 8) (7, 4) (2, 7) 
--------------------------
Iteracion 27
--------------
Abiertos = (7, 6) (2, 8) (4, 8) (7, 5) (1, 7) (3, 1) (3, 9) (4, 4) (8, 4) (4, 1) (8, 2) (8, 3) (1, 5) (7, 1) (1, 2) (6, 1) (1, 3) (1, 4) (5, 1) (2, 1) (1, 6) 
Cerrados = (2, 2) (2, 3) (3, 2) (2, 4) (4, 2) (2, 5) (5, 2) (3, 5) (2, 6) (3, 6) (5, 3) (3, 7) (5, 4) (6, 3) (5, 5) (6, 2) (6, 4) (5, 6) (4, 6) (7, 2) (7, 3) (6, 6) (4, 5) (3, 8) (7, 4) (2, 7) (6, 5) 
--------------------------
Iteracion 28
--------------
Abiertos = (2, 8) (7, 5) (4, 8) (7, 7) (1, 7) (1, 2) (8, 6) (1, 4) (5, 1) (6, 1) (8, 3) (1, 6) (7, 1) (1, 5) (4, 4) (2, 1) (1, 3) (3, 1) (8, 4) (4, 1) (8, 2) (3, 9) 
Cerrados = (2, 2) (2, 3) (3, 2) (2, 4) (4, 2) (2, 5) (5, 2) (3, 5) (2, 6) (3, 6) (5, 3) (3, 7) (5, 4) (6, 3) (5, 5) (6, 2) (6, 4) (5, 6) (4, 6) (7, 2) (7, 3) (6, 6) (4, 5) (3, 8) (7, 4) (2, 7) (6, 5) (7, 6) 
--------------------------
Iteracion 29
--------------
Abiertos = (7, 5) (4, 8) (7, 7) (8, 2) (3, 9) (1, 8) (1, 2) (1, 6) (5, 1) (8, 6) (6, 1) (7, 1) (8, 3) (1, 5) (1, 3) (1, 7) (3, 1) (8, 4) (2, 9) (4, 1) (4, 4) (2, 1) (1, 4) 
Cerrados = (2, 2) (2, 3) (3, 2) (2, 4) (4, 2) (2, 5) (5, 2) (3, 5) (2, 6) (3, 6) (5, 3) (3, 7) (5, 4) (6, 3) (5, 5) (6, 2) (6, 4) (5, 6) (4, 6) (7, 2) (7, 3) (6, 6) (4, 5) (3, 8) (7, 4) (2, 7) (6, 5) (7, 6) (2, 8) 
--------------------------
Iteracion 30
--------------
Abiertos = (4, 8) (7, 7) (8, 2) (1, 6) (1, 7) (8, 5) (2, 1) (4, 4) (4, 1) (2, 9) (8, 4) (1, 3) (3, 1) (1, 5) (8, 3) (1, 4) (6, 1) (8, 6) (1, 2) (5, 1) (7, 1) (1, 8) (3, 9) 
Cerrados = (2, 2) (2, 3) (3, 2) (2, 4) (4, 2) (2, 5) (5, 2) (3, 5) (2, 6) (3, 6) (5, 3) (3, 7) (5, 4) (6, 3) (5, 5) (6, 2) (6, 4) (5, 6) (4, 6) (7, 2) (7, 3) (6, 6) (4, 5) (3, 8) (7, 4) (2, 7) (6, 5) (7, 6) (2, 8) (7, 5) 
--------------------------
Iteracion 31
--------------
Abiertos = (7, 7) (5, 8) (1, 8) (3, 1) (8, 3) (1, 7) (8, 2) (8, 5) (4, 1) (2, 1) (2, 9) (8, 4) (1, 5) (1, 3) (6, 1) (3, 9) (8, 6) (1, 2) (5, 1) (4, 4) (7, 1) (4, 9) (1, 6) (1, 4) 
Cerrados = (2, 2) (2, 3) (3, 2) (2, 4) (4, 2) (2, 5) (5, 2) (3, 5) (2, 6) (3, 6) (5, 3) (3, 7) (5, 4) (6, 3) (5, 5) (6, 2) (6, 4) (5, 6) (4, 6) (7, 2) (7, 3) (6, 6) (4, 5) (3, 8) (7, 4) (2, 7) (6, 5) (7, 6) (2, 8) (7, 5) (4, 8) 
--------------------------
Iteracion 32
--------------
Abiertos = (5, 8) (7, 8) (8, 5) (1, 6) (1, 3) (8, 3) (8, 7) (1, 7) (4, 1) (3, 1) (2, 1) (2, 9) (8, 4) (8, 6) (8, 2) (6, 1) (1, 2) (1, 8) (4, 4) (7, 1) (1, 4) (4, 9) (5, 1) (1, 5) (3, 9) 
Cerrados = (2, 2) (2, 3) (3, 2) (2, 4) (4, 2) (2, 5) (5, 2) (3, 5) (2, 6) (3, 6) (5, 3) (3, 7) (5, 4) (6, 3) (5, 5) (6, 2) (6, 4) (5, 6) (4, 6) (7, 2) (7, 3) (6, 6) (4, 5) (3, 8) (7, 4) (2, 7) (6, 5) (7, 6) (2, 8) (7, 5) (4, 8) (7, 7) 
--------------------------
Iteracion 33
--------------
Abiertos = (7, 8) (6, 8) (1, 5) (1, 2) (1, 8) (1, 3) (8, 5) (8, 3) (4, 1) (8, 7) (3, 1) (2, 1) (2, 9) (8, 4) (8, 2) (8, 6) (3, 9) (4, 4) (7, 1) (1, 4) (4, 9) (1, 7) (5, 1) (5, 9) (1, 6) (6, 1) 
Cerrados = (2, 2) (2, 3) (3, 2) (2, 4) (4, 2) (2, 5) (5, 2) (3, 5) (2, 6) (3, 6) (5, 3) (3, 7) (5, 4) (6, 3) (5, 5) (6, 2) (6, 4) (5, 6) (4, 6) (7, 2) (7, 3) (6, 6) (4, 5) (3, 8) (7, 4) (2, 7) (6, 5) (7, 6) (2, 8) (7, 5) (4, 8) (7, 7) (5, 8) 
--------------------------
